100
16526 0.984
1191 0.403
3594 0.193
7551 0.313
17577 0.592
20239 0.447
18449 0.288
19823 0.942
165 0.535
7917 0.554
3880 0.059
21525 0.763
362 0.802
6188 0.951
8963 0.855
11770 0.218
1417 0.94
8662 0.074
19924 0.451
16383 0.479
7992 0.373
7389 0.951
23696 0.379
2319 0.405
13081 0.178
1983 0.085
3141 0.938
21846 0.015
10006 0.587
19717 0.904
7008 0.116
12446 0.571
19133 0.307
2256 0.309
18105 0.236
3672 0.9
12386 0.108
23208 0.525
3054 0.194
21678 0.643
67 0.431
15070 0.254
3269 0.758
12871 0.233
13160 0.205
13369 0.614
22029 0.803
5135 0.497
3901 0.04
271 0.255
1269 0.976
1312 0.414
13179 0.558
10321 0.708
8402 0.171
24127 0.088
10597 0.793
6475 0.462
7016 0.103
12552 0.733
12887 0.366
24154 0.571
8847 0.656
14892 0.674
20601 0.88
5129 0.893
718 0.926
34 0.34
15342 0.77
24990 0.12
13640 0.983
17396 0.201
15007 0.726
1638 0.094
14454 0.786
24015 0.931
13105 0.708
12255 0.941
23491 0.781
5587 0.1
14840 0.548
1273 0.109
12505 0.514
6717 0.107
15227 0.817
20372 0.038
11245 0.195
20548 0.963
4636 0.852
2759 0.651
12391 0.696
21622 0.218
2661 0.222
13937 0.352
9041 0.244
556 0.455
22429 0.597
2280 0.17
17699 0.795
16447 0.367
