100
16526 0.04
25720 0.763
3594 0.618
26433 0.246
26094 0.143
20239 0.704
18449 0.89
19823 0.133
26248 0.341
7917 0.286
3880 0.401
21525 0.935
362 0.849
6188 0.136
8963 0.104
11770 0.287
25942 0.416
8662 0.731
19924 0.729
16383 0.75
25451 0.803
7389 0.558
23696 0.437
2319 0.537
13081 0.671
1983 0.418
3141 0.779
21846 0.97
26332 0.557
19717 0.943
7008 0.44
26317 0.949
19133 0.707
2256 0.411
18105 0.195
3672 0.85
12386 0.115
23208 0.085
3054 0.335
21678 0.808
67 0.724
15070 0.737
3269 0.743
12871 0.573
13160 0.225
13369 0.199
22029 0.212
5135 0.993
3901 0.93
271 0.941
1269 0.743
1312 0.085
13179 0.5
10321 0.18
8402 0.622
24127 0.171
10597 0.95
6475 0.754
7016 0.493
12552 0.859
12887 0.697
24154 0.285
8847 0.808
14892 0.404
20601 0.696
5129 0.003
718 0.254
34 0.163
15342 0.441
24990 0.59
13640 0.971
17396 0.165
15007 0.679
1638 0.714
14454 0.738
24015 0.904
13105 0.265
12255 0.95
25670 0.249
5587 0.196
14840 0.892
1273 0.992
12505 0.633
6717 0.744
15227 0.524
20372 0.256
11245 0.267
20548 0.474
4636 0.01
2759 0.76
12391 0.686
21622 0.059
2661 0.397
13937 0.494
9041 0.464
556 0.094
22429 0.85
2280 0.07
17699 0.257
16447 0.291
