100
13142 0.502
1191 0.596
3594 0.504
7551 0.786
15276 0.91
469 0.557
707 0.989
3755 0.176
165 0.913
7917 0.212
3880 0.634
4336 0.048
362 0.03
6188 0.677
8963 0.19
11770 0.178
1417 0.696
8662 0.451
5057 0.458
13445 0.765
7992 0.888
7389 0.902
421 0.704
2319 0.24
13081 0.044
1983 0.396
3141 0.872
1688 0.495
10006 0.447
8429 0.434
7008 0.757
12446 0.95
6059 0.382
2256 0.261
8763 0.088
3672 0.645
12386 0.17
9955 0.429
3054 0.173
6931 0.436
67 0.641
15070 0.16
3269 0.484
12871 0.024
13160 0.837
13369 0.026
5152 0.554
5135 0.534
3901 0.478
271 0.012
1269 0.651
1312 0.366
13179 0.266
10321 0.356
8402 0.958
8167 0.662
10597 0.104
6475 0.182
7016 0.158
12552 0.552
12887 0.968
8912 0.267
8847 0.854
14892 0.703
4399 0.528
5129 0.942
718 0.348
34 0.05
15342 0.371
12076 0.873
13640 0.486
7688 0.365
15007 0.033
1638 0.97
14454 0.741
13012 0.871
13105 0.349
12255 0.295
4977 0.757
5587 0.827
14840 0.66
1273 0.408
12505 0.545
6717 0.926
15227 0.116
45 0.855
11245 0.589
7709 0.221
4636 0.39
2759 0.099
12391 0.125
6883 0.358
2661 0.366
13937 0.979
9041 0.061
556 0.246
7132 0.921
2280 0.761
7280 0.296
8484 0.644
