100
3187 0.102
1191 0.566
3594 0.794
7551 0.255
2401 0.092
469 0.293
707 0.888
3755 0.209
165 0.765
7917 0.607
3880 0.491
4336 0.577
362 0.46
6188 0.417
8963 0.854
3338 0.616
1417 0.343
8662 0.006
5057 0.311
7791 0.845
7992 0.804
7389 0.034
421 0.898
2319 0.323
5982 0.138
1983 0.527
3141 0.593
1688 0.566
4474 0.884
8429 0.447
7008 0.331
5179 0.338
6059 0.014
2256 0.125
8763 0.945
3672 0.458
7339 0.771
8142 0.833
3054 0.668
6931 0.888
67 0.792
673 0.159
3269 0.465
4494 0.253
9842 0.576
6538 0.672
5152 0.221
5135 0.271
3901 0.03
271 0.532
1269 0.468
1312 0.834
4765 0.918
6571 0.366
8402 0.158
8167 0.408
1387 0.893
6475 0.103
7016 0.974
9031 0.13
5664 0.55
8912 0.306
8847 0.468
3725 0.916
4399 0.783
5129 0.414
718 0.375
34 0.554
8069 0.599
5053 0.043
26 0.442
7688 0.392
8991 0.554
1638 0.26
6668 0.997
8688 0.482
543 0.932
1896 0.218
4977 0.105
5587 0.962
1194 0.103
1273 0.573
1223 0.797
6717 0.021
8893 0.292
45 0.307
3059 0.43
7709 0.537
4636 0.41
2759 0.756
6431 0.667
6883 0.312
2661 0.062
4022 0.136
9041 0.229
556 0.846
7132 0.902
2280 0.956
7280 0.752
8484 0.853
