100
10654 0.058
1191 0.497
3594 0.533
7551 0.14
2401 0.387
469 0.1
707 0.831
3755 0.665
165 0.821
7917 0.099
3880 0.909
4336 0.236
362 0.377
6188 0.659
8963 0.441
3338 0.569
1417 0.809
8662 0.727
5057 0.56
7791 0.354
7992 0.195
7389 0.774
421 0.364
2319 0.919
5982 0.849
1983 0.525
3141 0.12
1688 0.602
10006 0.792
8429 0.1
7008 0.621
5179 0.202
6059 0.597
2256 0.154
8763 0.342
3672 0.337
7339 0.606
9955 0.526
3054 0.002
6931 0.779
67 0.977
673 0.911
3269 0.015
4494 0.354
9842 0.923
6538 0.809
5152 0.924
5135 0.084
3901 0.536
271 0.484
1269 0.79
1312 0.083
4765 0.61
10321 0.155
8402 0.354
8167 0.46
10597 0.032
6475 0.474
7016 0.414
9031 0.176
5664 0.926
8912 0.387
8847 0.731
3725 0.524
4399 0.893
5129 0.073
718 0.861
34 0.851
8069 0.951
5053 0.215
26 0.63
7688 0.929
8991 0.127
1638 0.998
6668 0.283
8688 0.402
543 0.159
1896 0.559
4977 0.486
5587 0.047
1194 0.395
1273 0.277
10434 0.13
6717 0.006
8893 0.784
45 0.485
11245 0.818
7709 0.168
4636 0.311
2759 0.232
6431 0.344
6883 0.238
2661 0.972
4022 0.075
9041 0.762
556 0.865
7132 0.501
2280 0.975
7280 0.069
8484 0.452
