100
3187 0.786
1191 0.907
3594 0.514
7551 0.386
2401 0.737
469 0.122
707 0.556
3755 0.079
165 0.212
7917 0.83
3880 0.021
4336 0.274
362 0.949
6188 0.437
5984 0.44
3338 0.793
1417 0.885
7882 0.424
5057 0.411
7791 0.365
7992 0.182
7389 0.586
421 0.653
2319 0.099
5982 0.291
1983 0.571
3141 0.542
1688 0.128
4474 0.308
4681 0.798
7008 0.739
5179 0.446
6059 0.057
2256 0.254
3123 0.184
3672 0.794
7339 0.728
8142 0.092
3054 0.873
6931 0.94
67 0.923
673 0.247
3269 0.566
4494 0.224
5276 0.036
6538 0.006
5152 0.017
5135 0.921
3901 0.431
271 0.78
1269 0.639
1312 0.965
4765 0.367
6571 0.292
5309 0.064
8167 0.01
1387 0.216
6475 0.606
7016 0.49
3597 0.876
5664 0.757
7481 0.229
142 0.675
3725 0.166
4399 0.835
5129 0.859
718 0.961
34 0.915
8069 0.952
5053 0.186
26 0.855
7688 0.227
711 0.785
1638 0.773
6668 0.451
435 0.822
543 0.78
1896 0.821
4977 0.743
5587 0.563
1194 0.953
1273 0.734
1223 0.528
6717 0.672
6898 0.379
45 0.592
3059 0.034
7709 0.595
4636 0.55
2759 0.524
6431 0.823
6883 0.659
2661 0.106
4022 0.498
6676 0.826
556 0.941
7132 0.71
2280 0.787
7280 0.857
909 0.014
