100
44158 0.972
25720 0.226
55114 0.737
30602 0.084
45829 0.856
50202 0.654
18449 0.577
52530 0.765
27116 0.897
32648 0.108
49102 0.135
49766 0.432
362 0.006
30642 0.087
26936 0.757
33004 0.512
29172 0.005
53329 0.669
19924 0.043
16383 0.314
32236 0.662
7389 0.859
23696 0.477
2319 0.416
49849 0.329
1983 0.735
39408 0.951
21846 0.117
48247 0.44
34820 0.741
7008 0.995
52414 0.412
32013 0.319
2256 0.085
54454 0.849
3672 0.527
46902 0.739
49980 0.426
3054 0.645
21678 0.636
38878 0.535
15070 0.78
3269 0.068
12871 0.541
47256 0.22
13369 0.177
22029 0.405
46320 0.577
3901 0.199
271 0.449
31839 0.891
1312 0.213
52927 0.308
47310 0.72
57847 0.981
54589 0.638
36348 0.807
6475 0.284
49649 0.755
12552 0.599
12887 0.377
24154 0.103
8847 0.012
37508 0.696
33204 0.54
5129 0.213
718 0.576
51952 0.631
15342 0.639
28156 0.221
13640 0.619
35695 0.526
51284 0.353
1638 0.039
57676 0.419
33973 0.573
39368 0.216
40095 0.825
25670 0.151
48511 0.767
28336 0.274
1273 0.394
12505 0.981
57970 0.934
46955 0.467
42611 0.314
44700 0.572
20548 0.626
4636 0.599
41899 0.68
36001 0.226
26918 0.976
2661 0.135
41819 0.238
9041 0.025
35364 0.027
22429 0.803
2280 0.601
17699 0.658
16447 0.442
