100
35494 0.209
25720 0.172
3594 0.748
30602 0.494
26094 0.224
26758 0.167
18449 0.101
28889 0.76
27116 0.477
32648 0.059
3880 0.248
31862 0.726
362 0.596
30642 0.828
26936 0.392
33004 0.209
29172 0.68
8662 0.113
19924 0.919
16383 0.187
32236 0.094
7389 0.444
23696 0.284
2319 0.4
13081 0.394
1983 0.19
3141 0.734
21846 0.877
26332 0.164
34820 0.625
7008 0.816
26317 0.373
32013 0.15
2256 0.565
18105 0.867
3672 0.374
28430 0.084
23208 0.321
3054 0.134
21678 0.913
30383 0.732
15070 0.734
3269 0.991
12871 0.328
13160 0.563
13369 0.736
22029 0.889
5135 0.595
3901 0.849
271 0.808
31839 0.782
1312 0.943
13179 0.605
33166 0.419
8402 0.695
24127 0.999
36348 0.609
6475 0.429
7016 0.228
12552 0.773
12887 0.406
24154 0.045
8847 0.499
14892 0.556
33204 0.962
5129 0.718
718 0.93
28353 0.046
15342 0.391
28156 0.064
13640 0.311
35695 0.123
15007 0.151
1638 0.302
14454 0.804
33973 0.714
13105 0.038
12255 0.693
25670 0.309
5587 0.887
28336 0.854
1273 0.444
12505 0.182
6717 0.459
34720 0.863
20372 0.877
11245 0.81
20548 0.824
4636 0.306
2759 0.038
36001 0.949
26918 0.713
2661 0.435
30441 0.448
9041 0.269
35364 0.749
22429 0.519
2280 0.552
17699 0.795
16447 0.91
