100
44158 0.343
25720 0.319
3594 0.824
30602 0.688
45829 0.762
26758 0.863
18449 0.51
28889 0.684
27116 0.06
32648 0.377
3880 0.975
31862 0.187
362 0.718
30642 0.032
26936 0.269
33004 0.442
29172 0.481
8662 0.968
19924 0.599
16383 0.175
32236 0.583
7389 0.086
23696 0.377
2319 0.796
13081 0.306
1983 0.615
39408 0.556
21846 0.325
26332 0.433
34820 0.896
7008 0.116
26317 0.776
32013 0.215
2256 0.941
18105 0.816
3672 0.329
46902 0.804
23208 0.678
3054 0.013
21678 0.216
38878 0.408
15070 0.34
3269 0.403
12871 0.126
43348 0.372
13369 0.025
22029 0.92
46320 0.854
3901 0.345
271 0.872
31839 0.381
1312 0.928
13179 0.958
33166 0.111
8402 0.725
24127 0.617
36348 0.726
6475 0.633
7016 0.942
12552 0.511
12887 0.881
24154 0.059
8847 0.287
37508 0.448
33204 0.352
5129 0.455
718 0.777
36822 0.156
15342 0.486
28156 0.142
13640 0.725
35695 0.894
15007 0.482
1638 0.48
14454 0.02
33973 0.855
39368 0.505
40095 0.293
25670 0.061
39802 0.203
28336 0.165
1273 0.794
12505 0.131
6717 0.475
34720 0.905
42611 0.208
44700 0.444
20548 0.984
4636 0.193
41899 0.387
36001 0.495
26918 0.074
2661 0.798
41819 0.135
9041 0.874
35364 0.15
22429 0.59
2280 0.651
17699 0.658
16447 0.076
