100
35494 0.525
25720 0.097
3594 0.306
30602 0.597
26094 0.553
26758 0.982
18449 0.483
28889 0.622
27116 0.891
32648 0.587
3880 0.209
31862 0.172
362 0.748
30642 0.494
26936 0.224
33004 0.167
29172 0.101
8662 0.76
19924 0.477
16383 0.059
32236 0.248
7389 0.726
23696 0.596
2319 0.828
13081 0.392
1983 0.209
3141 0.68
21846 0.113
26332 0.919
34820 0.187
7008 0.094
26317 0.444
32013 0.284
2256 0.4
18105 0.394
3672 0.19
28430 0.734
23208 0.877
3054 0.164
21678 0.625
30383 0.816
15070 0.373
3269 0.15
12871 0.565
13160 0.867
13369 0.374
22029 0.084
5135 0.321
3901 0.134
271 0.913
31839 0.732
1312 0.734
13179 0.991
33166 0.328
8402 0.563
24127 0.736
36348 0.889
6475 0.595
7016 0.849
12552 0.808
12887 0.782
24154 0.943
8847 0.605
14892 0.419
33204 0.695
5129 0.999
718 0.609
28353 0.429
15342 0.228
28156 0.773
13640 0.406
35695 0.045
15007 0.499
1638 0.556
14454 0.962
33973 0.718
13105 0.93
12255 0.046
25670 0.391
5587 0.064
28336 0.311
1273 0.123
12505 0.151
6717 0.302
34720 0.804
20372 0.714
11245 0.038
20548 0.693
4636 0.309
2759 0.887
36001 0.854
26918 0.444
2661 0.182
30441 0.459
9041 0.863
35364 0.877
22429 0.81
2280 0.824
17699 0.306
16447 0.038
