100
16526 0.591
1191 0.826
3594 0.502
7551 0.374
17577 0.012
20239 0.726
18449 0.645
19823 0.609
165 0.407
7917 0.341
3880 0.842
21525 0.742
362 0.573
6188 0.263
8963 0.017
11770 0.327
1417 0.271
8662 0.017
19924 0.723
16383 0.555
7992 0.422
7389 0.786
421 0.259
2319 0.895
13081 0.382
1983 0.973
3141 0.392
21846 0.791
10006 0.274
19717 0.902
7008 0.739
12446 0.217
19133 0.08
2256 0.593
18105 0.592
3672 0.445
12386 0.672
9955 0.589
3054 0.054
21678 0.431
67 0.931
15070 0.248
3269 0.174
12871 0.504
13160 0.511
13369 0.543
22029 0.831
5135 0.783
3901 0.561
271 0.907
1269 0.338
1312 0.335
13179 0.045
10321 0.95
8402 0.23
8167 0.427
10597 0.275
6475 0.974
7016 0.571
12552 0.901
12887 0.228
8912 0.662
8847 0.118
14892 0.309
20601 0.608
5129 0.062
718 0.106
34 0.28
15342 0.652
12076 0.16
13640 0.711
17396 0.583
15007 0.408
1638 0.237
14454 0.439
20419 0.272
13105 0.781
12255 0.622
19554 0.055
5587 0.342
14840 0.529
1273 0.745
12505 0.029
6717 0.927
15227 0.047
20372 0.259
11245 0.706
20548 0.322
4636 0.586
2759 0.629
12391 0.223
21622 0.814
2661 0.292
13937 0.694
9041 0.123
556 0.252
22429 0.756
2280 0.229
17699 0.532
16447 0.408
