100
10654 0.588
1191 0.535
3594 0.446
7551 0.771
2401 0.791
469 0.232
707 0.982
3755 0.524
165 0.025
7917 0.519
3880 0.261
4336 0.535
362 0.13
6188 0.627
8963 0.021
3338 0.412
1417 0.042
8662 0.331
5057 0.263
7791 0.353
7992 0.923
7389 0.821
421 0.179
2319 0.477
5982 0.379
1983 0.989
3141 0.951
1688 0.343
10006 0.918
8429 0.729
7008 0.739
5179 0.506
6059 0.616
2256 0.537
8763 0.629
3672 0.407
7339 0.769
9955 0.612
3054 0.283
6931 0.146
67 0.483
673 0.897
3269 0.682
4494 0.965
9842 0.524
6538 0.055
5152 0.377
5135 0.918
3901 0.738
271 0.641
1269 0.271
1312 0.661
4765 0.814
10321 0.802
8402 0.49
8167 0.193
10597 0.143
6475 0.793
7016 0.889
9031 0.061
5664 0.522
8912 0.98
8847 0.567
3725 0.49
4399 0.518
5129 0.197
718 0.897
34 0.639
8069 0.161
5053 0.533
26 0.786
7688 0.644
8991 0.43
1638 0.82
6668 0.961
8688 0.954
543 0.227
1896 0.339
4977 0.872
5587 0.965
1194 0.332
1273 0.496
10434 0.978
6717 0.146
8893 0.65
45 0.82
3059 0.34
7709 0.794
4636 0.614
2759 0.581
6431 0.207
6883 0.488
2661 0.561
4022 0.775
9041 0.979
556 0.431
7132 0.324
2280 0.228
7280 0.071
8484 0.837
