100
44158 0.377
25720 0.143
3594 0.895
30602 0.25
45829 0.811
50202 0.778
18449 0.098
28889 0.548
27116 0.424
32648 0.364
49102 0.691
49766 0.843
362 0.193
30642 0.643
26936 0.88
33004 0.467
29172 0.539
8662 0.598
19924 0.297
16383 0.339
32236 0.651
7389 0.389
23696 0.52
2319 0.944
49849 0.169
1983 0.683
39408 0.724
21846 0.472
48247 0.193
34820 0.622
7008 0.187
49077 0.922
32013 0.117
2256 0.082
18105 0.524
3672 0.928
46902 0.212
49980 0.622
3054 0.829
21678 0.636
38878 0.338
15070 0.872
3269 0.831
12871 0.884
47256 0.516
13369 0.711
22029 0.351
46320 0.407
3901 0.662
271 0
31839 0.747
1312 0.313
13179 0.389
47310 0.267
8402 0.257
24127 0.91
36348 0.302
6475 0.333
49649 0.382
12552 0.848
12887 0.955
24154 0.921
8847 0.77
37508 0.424
33204 0.003
5129 0.295
718 0.353
36822 0.215
15342 0.917
28156 0.182
13640 0.203
35695 0.608
15007 0.054
1638 0.035
14454 0.492
33973 0.922
39368 0.098
40095 0.195
25670 0.33
48511 0.76
28336 0.195
1273 0.077
12505 0.073
6717 0.584
46955 0.696
42611 0.683
44700 0.846
20548 0.998
4636 0.016
41899 0.228
36001 0.846
26918 0.324
2661 0.502
41819 0.969
9041 0.748
35364 0.505
22429 0.264
2280 0.101
17699 0.073
16447 0.533
